0
126
0
1
53
21
96
462
67
67
12
296
662
176
0
313
617
555
641
96
96
75
18
278
123
252
18
138
261
34
96
53
28
671
182
149
2
562
504
435
3
4
477
5
28
18
0
688
96
6
126
369
7
179
269
8
662
268
17
0
255
371
23
106
149
129
94
112
18
0
609
106
81
17
344
0
116
31
455
284
37
611
0
281
708
28
370
330
435
9
28
18
458
217
76
10
67
27
44
106
296
11
690
638
371
161
0
94
0
0
662
12
204
18
75
13
126
295
14
556
0
105
601
435
18
0
23
304
126
399
132
15
108
96
53
18
16
17
0
545
96
555
28
53
416
112
514
53
28
142
0
53
472
75
18
96
72
180
125
96
188
106
19
12
20
106
96
119
96
53
341
21
486
18
573
126
22
23
347
126
106
67
132
592
24
55
28
198
106
112
25
53
38
26
257
669
474
279
602
53
6
0
96
624
0
38
460
53
27
67
183
106
690
94
28
148
18
142
48
96
142
29
490
121
629
182
112
0
196
96
74
53
106
180
210
140
18
18
30
31
32
33
34
641
373
18
296
0
446
94
361
578
112
701
330
126
0
183
126
56
0
35
96
112
26
717
106
74
325
563
116
192
112
99
303
185
106
214
435
12
18
129
313
96
664
0
0
61
164
228
106
132
67
28
112
510
28
36
32
526
37
0
38
12
28
108
18
15
108
0
140
106
108
115
39
223
40
12
521
18
18
325
132
41
710
48
712
693
42
43
434
28
0
450
0
75
17
140
710
116
116
28
256
44
95
183
296
415
45
0
79
364
520
240
59
0
39
283
96
504
335
61
46
0
18
18
0
397
67
43
490
132
356
142
47
112
96
162
105
693
17
182
75
305
48
0
18
53
0
79
664
221
49
190
67
421
50
592
497
649
0
39
51
74
28
383
142
60
706
28
96
179
18
52
53
591
320
142
28
574
25
0
121
76
87
182
106
419
179
220
252
126
68
54
661
55
0
373
28
0
514
96
126
106
56
18
126
57
126
405
38
6
108
112
75
132
257
334
150
106
0
112
28
379
0
243
551
222
18
192
652
96
137
583
27
0
108
112
25
4
240
37
315
131
621
441
228
58
12
530
53
18
666
12
434
59
0
28
126
18
106
43
249
60
422
112
361
603
199
435
18
106
18
434
61
162
28
249
54
534
106
405
94
28
591
55
0
179
371
62
53
53
156
106
116
99
687
27
138
67
662
18
18
214
28
78
0
0
18
142
53
18
408
63
48
106
64
18
126
112
10
28
224
79
335
222
666
128
400
116
48
65
53
0
53
66
344
0
116
18
53
67
0
238
18
18
313
75
39
106
68
53
69
0
18
304
179
249
0
444
70
142
17
472
53
71
142
53
662
72
331
303
331
56
550
118
617
73
205
632
53
112
82
83
308
18
96
74
75
20
12
75
108
18
397
76
188
116
18
106
90
94
0
484
22
0
132
198
257
142
628
53
77
327
12
160
441
101
96
28
183
179
142
638
18
18
340
18
23
628
78
23
96
122
53
0
591
18
249
94
75
79
397
27
28
96
80
112
18
692
94
81
112
43
662
375
18
9
0
337
112
179
249
106
0
693
116
0
18
48
82
217
662
551
273
0
330
112
0
225
337
28
83
144
256
83
185
204
327
75
18
28
28
75
84
120
196
67
112
641
74
112
85
27
179
330
86
454
13
18
0
257
96
142
0
94
18
94
0
87
88
217
8
112
308
0
589
222
264
434
89
18
18
327
67
417
90
112
193
53
408
18
17
0
91
91
150
0
405
103
116
92
56
18
53
93
17
126
28
18
28
375
361
37
21
38
153
0
555
135
0
53
497
94
430
78
326
12
95
28
116
217
53
304
0
364
67
96
18
213
440
214
313
163
623
330
327
18
85
32
394
18
335
126
0
112
53
53
667
53
18
132
116
74
97
53
28
72
28
21
28
94
18
119
667
142
256
0
98
662
0
487
0
257
106
53
0
126
244
105
335
116
26
99
565
100
0
74
4
112
101
693
12
112
406
75
67
67
179
106
370
11
102
96
717
18
18
53
112
553
12
131
103
0
96
104
0
17
551
126
53
419
368
67
324
18
105
251
106
112
24
18
12
419
53
106
180
131
0
28
96
28
107
344
330
126
132
28
108
55
53
74
28
386
439
18
545
132
28
0
67
344
106
131
96
67
0
53
53
249
680
20
18
106
358
85
109
663
156
112
142
21
703
375
53
428
110
66
53
0
111
18
28
136
642
179
318
335
61
657
716
132
12
364
243
465
450
0
112
0
27
18
338
85
663
7
113
703
53
114
0
257
26
142
126
121
115
53
430
451
126
132
0
116
132
96
0
94
188
117
192
142
112
0
132
257
53
118
291
72
18
119
120
121
75
142
37
18
18
0
53
53
18
101
0
0
122
431
53
18
112
609
112
28
131
48
179
126
12
185
116
137
96
123
124
532
121
75
335
131
0
125
0
662
255
609
12
220
126
91
96
18
28
237
137
18
53
0
28
4
126
28
37
6
112
0
364
96
511
28
249
101
18
132
454
126
140
28
127
67
0
28
18
112
53
64
18
126
494
593
337
0
95
0
407
106
327
170
328
28
64
422
128
283
716
94
94
37
78
495
96
28
0
364
131
129
106
415
126
586
0
626
434
550
0
182
130
18
335
0
434
291
96
38
222
72
0
106
48
383
575
190
131
106
213
18
0
12
96
281
96
444
0
221
183
591
39
132
330
129
133
96
67
112
72
126
445
417
134
18
642
196
126
140
18
71
693
0
91
344
397
135
0
136
217
53
126
490
94
0
488
335
112
0
257
126
335
108
517
112
126
96
279
132
258
137
192
96
138
415
258
61
28
0
116
18
23
13
12
327
490
18
293
53
278
37
139
295
67
422
183
75
257
112
126
53
0
140
397
372
53
256
335
451
166
72
465
94
53
198
106
330
18
106
222
183
20
600
0
75
141
635
142
281
26
168
78
0
325
12
28
37
143
96
67
592
53
144
18
683
434
106
53
28
28
147
0
108
145
37
497
330
123
532
18
179
327
0
507
335
32
0
554
96
132
0
96
37
95
112
640
146
327
106
660
94
296
574
147
18
313
83
112
148
379
37
75
43
446
0
0
96
485
112
495
149
96
28
116
549
83
0
0
193
150
116
141
126
554
53
403
124
106
18
364
504
0
283
242
244
53
8
488
72
151
38
189
12
152
106
96
74
364
335
598
96
441
0
123
153
96
18
314
154
94
28
147
28
96
147
96
199
121
0
559
269
155
53
67
387
96
156
128
157
75
158
159
53
25
18
101
0
160
511
47
0
66
53
48
116
161
435
488
375
53
0
0
61
162
325
28
324
140
126
128
416
326
112
163
53
132
492
164
0
106
18
165
112
0
132
18
132
257
28
327
0
137
12
28
166
83
28
22
167
18
283
128
662
106
0
101
96
106
271
168
434
0
335
265
0
285
106
0
75
126
116
430
441
61
53
169
72
112
126
331
703
106
28
0
96
4
291
7
126
126
0
55
18
0
112
53
170
586
94
337
171
55
172
140
701
173
126
53
96
83
658
18
75
106
626
18
110
174
129
398
18
169
0
105
53
330
110
106
175
176
611
126
112
372
116
0
28
301
425
0
177
48
373
703
462
53
27
12
0
662
96
0
327
574
53
184
96
67
96
481
611
132
178
126
126
403
128
328
179
574
0
18
18
161
270
214
126
96
74
18
112
106
0
126
180
326
96
495
28
120
25
123
373
112
126
53
28
0
181
0
106
18
182
183
12
95
131
53
112
12
83
101
12
368
96
302
106
161
632
510
662
94
504
75
184
38
67
18
266
106
38
53
0
386
18
107
53
609
53
185
53
112
18
630
108
126
415
222
18
114
96
330
393
126
504
662
423
335
96
142
699
186
187
320
18
53
0
394
126
126
0
188
67
482
18
48
18
364
131
142
72
112
393
0
96
96
106
53
135
244
112
691
66
147
477
18
53
0
78
99
8
28
422
96
75
154
38
135
313
396
28
257
96
0
301
123
66
327
53
28
189
591
190
18
330
67
179
67
126
67
571
131
116
241
18
0
315
191
95
18
94
192
106
193
18
94
176
0
205
137
0
94
116
140
106
18
397
461
356
364
525
48
87
0
126
179
194
0
28
195
39
196
28
104
53
93
18
0
2
119
28
126
434
12
664
36
197
431
96
96
506
224
593
640
53
326
67
296
198
67
126
504
106
26
199
200
609
255
0
53
94
0
480
67
75
693
417
116
126
356
311
434
329
271
465
132
179
131
132
0
176
335
325
201
320
179
214
102
196
28
0
61
53
202
48
110
53
112
310
0
194
285
18
18
53
106
203
382
18
18
28
112
179
18
108
106
179
213
0
0
18
122
291
18
18
106
459
690
53
60
67
112
28
137
112
613
592
116
423
85
94
96
53
304
662
238
663
53
116
198
632
106
67
412
126
0
64
204
96
0
4
53
4
18
188
114
218
662
28
112
0
179
589
67
205
108
126
4
206
53
18
126
38
505
53
123
398
207
0
434
18
138
208
209
126
91
132
6
222
183
0
106
53
257
28
462
0
72
0
28
28
161
28
28
38
96
28
112
83
126
0
303
18
210
92
53
126
43
28
96
125
96
18
38
112
662
18
0
75
18
96
211
0
106
28
490
108
212
112
112
285
213
214
126
18
203
106
525
244
689
28
0
215
458
94
281
584
565
43
586
0
106
327
450
140
96
72
0
623
346
67
116
325
0
18
28
53
216
28
278
96
0
4
217
96
490
37
0
0
131
83
251
37
0
218
53
106
0
668
319
62
28
613
252
302
96
502
96
0
126
18
112
688
126
142
18
0
74
12
105
238
53
48
219
220
132
126
18
28
27
348
135
0
638
589
221
105
222
0
0
274
0
23
131
0
0
30
687
81
335
613
28
28
18
116
106
157
106
0
72
463
180
75
18
405
112
18
494
0
223
67
28
224
214
12
225
95
278
112
226
112
374
18
0
0
126
574
126
0
0
227
214
106
490
96
347
228
164
270
18
112
59
18
662
90
229
116
142
53
217
94
660
126
162
176
112
112
116
43
123
106
258
193
586
110
412
53
217
689
53
613
18
423
147
18
75
179
126
101
106
115
230
231
232
18
18
37
0
106
53
74
112
257
18
135
53
28
373
222
18
465
0
67
0
233
234
28
96
83
0
504
235
83
236
611
116
237
53
53
0
18
18
112
0
18
72
18
675
94
6
147
327
12
690
126
238
106
337
273
327
82
497
96
39
356
0
96
240
28
126
94
331
216
275
0
373
222
91
18
1
239
648
444
114
53
330
0
53
18
18
18
153
28
112
0
577
18
654
28
53
18
435
126
461
53
12
94
257
4
0
126
18
91
217
28
0
0
28
20
717
52
116
74
17
18
232
101
18
431
13
114
106
0
106
425
131
0
95
209
106
96
434
43
132
106
0
149
56
28
67
91
273
613
407
219
0
112
439
112
28
27
364
183
47
17
135
112
106
0
240
153
209
106
39
638
124
82
556
419
671
126
96
588
179
28
347
96
37
693
0
696
53
126
192
615
96
0
573
296
335
126
96
21
79
637
0
82
179
18
683
37
88
285
241
0
297
242
243
189
431
0
109
222
434
373
53
112
18
331
256
6
273
0
387
626
244
131
96
74
320
28
578
256
245
37
142
75
675
327
53
32
12
364
710
140
94
246
108
18
81
28
296
18
675
112
690
18
527
213
199
0
132
284
6
112
53
562
189
94
621
347
53
247
18
132
112
313
102
663
96
96
94
126
416
18
18
126
249
129
53
18
123
377
121
490
0
96
499
72
0
432
0
18
0
193
325
126
72
112
256
74
490
156
75
12
201
28
330
0
28
96
186
53
551
520
703
53
0
0
18
85
0
106
456
348
0
18
0
79
112
53
82
71
638
355
18
526
662
356
248
96
370
18
112
131
106
640
0
129
142
96
192
449
364
112
671
137
96
106
590
18
249
82
126
504
295
53
112
112
116
250
18
106
129
106
157
0
126
18
716
28
574
53
8
53
251
0
107
106
510
252
28
126
367
253
91
441
23
116
94
18
187
74
625
184
4
361
66
690
611
530
254
0
106
86
240
48
0
268
335
112
504
0
304
255
28
379
435
28
17
411
7
126
0
137
256
67
257
147
55
106
258
256
240
184
126
259
112
254
74
237
18
2
0
0
18
375
260
637
604
126
261
0
28
53
37
328
345
330
620
142
504
262
0
18
337
131
91
263
12
96
0
4
48
0
264
627
240
486
28
18
60
101
689
488
265
664
101
67
0
266
96
28
22
0
386
112
663
0
267
67
268
256
53
530
325
490
551
96
423
18
183
0
28
269
114
96
397
218
40
327
236
0
96
531
574
98
227
568
688
18
270
18
0
179
0
335
524
126
0
53
142
103
53
128
701
6
320
313
18
96
39
182
264
53
271
53
0
525
192
123
53
364
96
28
179
132
38
17
0
597
341
108
114
112
137
17
18
1
183
53
18
53
272
20
273
94
108
18
126
53
274
611
326
94
140
126
633
48
275
38
75
132
725
664
680
28
661
112
53
0
26
179
276
75
18
185
126
637
18
525
106
0
112
277
278
375
28
43
112
18
279
28
404
96
0
94
462
37
561
74
106
142
67
327
335
592
458
28
112
126
330
256
28
0
112
103
18
18
220
0
327
280
162
0
96
17
126
291
18
281
257
28
634
287
586
240
12
282
556
18
0
126
574
283
330
662
112
179
126
482
53
106
689
0
101
238
132
28
154
617
284
142
132
142
274
376
43
285
286
120
37
0
126
172
325
335
257
112
126
179
72
693
132
18
347
18
126
116
0
23
106
53
287
665
140
288
96
289
12
101
647
648
18
18
335
94
344
0
96
373
94
356
96
82
335
486
18
4
18
28
325
324
47
574
400
620
106
18
320
67
0
257
126
28
128
90
397
435
44
20
190
303
27
192
283
131
153
53
61
15
91
96
75
18
142
290
291
0
566
131
106
504
18
67
94
88
165
75
700
292
662
293
106
112
74
18
341
251
18
147
654
28
55
0
67
106
0
18
294
320
554
39
102
12
28
295
42
133
106
140
305
59
131
75
122
237
257
96
132
0
106
53
91
28
106
67
39
126
296
297
0
604
678
687
53
106
298
266
299
0
28
179
0
300
112
0
96
289
301
266
637
326
279
112
126
458
96
283
303
123
510
327
209
204
106
48
106
327
53
569
116
53
583
126
161
302
303
96
94
48
123
116
257
4
112
179
592
18
67
28
96
28
570
132
637
249
96
183
28
175
106
126
18
126
126
67
108
128
131
303
106
142
181
304
667
53
67
53
217
257
64
110
59
422
183
574
305
48
306
147
581
400
28
307
74
53
67
243
249
347
96
37
131
28
308
6
0
67
39
126
18
126
437
356
373
440
168
53
571
0
53
667
128
367
53
53
67
112
683
444
220
393
142
94
47
147
135
96
31
270
446
28
328
67
131
585
609
48
309
78
18
53
238
68
372
364
703
462
28
18
53
112
112
11
330
153
28
53
310
86
326
67
311
116
312
444
28
90
443
142
112
153
0
574
6
0
221
698
142
28
28
626
101
18
91
53
691
18
607
0
18
683
613
18
75
574
85
126
313
39
18
0
53
94
327
18
18
106
624
23
584
53
123
582
28
18
37
67
23
106
18
0
37
53
67
18
90
693
18
144
112
96
330
53
0
164
0
126
106
373
75
107
660
545
337
0
397
621
313
94
28
13
110
611
126
327
18
82
122
313
116
236
494
53
106
725
96
53
132
48
96
314
429
482
335
315
96
592
53
291
123
106
18
106
3
96
18
85
196
386
106
316
0
154
230
281
28
0
71
2
0
106
106
106
437
317
0
0
574
116
12
67
28
106
358
67
67
0
327
0
126
116
88
372
115
318
325
319
28
71
235
0
53
320
106
91
667
356
28
18
266
106
6
94
28
50
582
67
74
228
112
544
43
0
586
710
59
662
0
400
0
0
132
503
592
662
161
327
28
137
392
211
28
0
344
0
313
12
0
106
75
648
103
0
112
586
18
281
168
485
67
28
96
64
126
320
71
28
96
0
575
28
96
123
321
67
23
18
132
123
0
142
28
335
0
42
223
131
337
638
147
110
619
18
281
18
240
75
0
53
324
320
53
28
6
183
114
534
713
112
96
37
662
116
140
96
322
112
116
313
323
135
281
324
20
611
325
18
18
128
326
0
327
18
692
547
67
96
249
53
126
127
328
106
221
310
329
155
0
18
609
147
12
53
717
2
0
435
356
218
297
94
123
18
18
0
175
240
462
0
23
116
131
94
75
72
723
67
214
327
55
0
365
410
67
451
328
597
18
241
179
330
400
48
510
67
83
474
474
623
96
28
53
142
28
549
71
18
238
94
112
55
18
18
0
75
331
126
168
53
27
0
332
482
408
128
204
23
126
74
126
108
179
18
18
17
28
18
18
0
106
0
254
53
497
333
83
132
334
12
27
39
364
335
53
609
364
28
101
96
27
126
0
28
638
53
96
336
0
337
0
0
126
338
0
408
0
18
462
74
18
328
0
179
53
0
634
222
240
0
124
126
434
615
21
0
325
683
179
132
339
703
28
586
258
179
562
340
74
18
0
28
28
38
96
96
341
6
326
342
53
53
641
693
96
266
485
67
126
140
78
343
116
18
0
53
106
18
0
377
0
434
74
23
341
6
25
75
633
75
4
126
28
18
59
344
28
112
247
0
12
12
237
214
18
0
126
75
345
106
0
75
525
18
96
112
341
654
0
435
96
38
132
0
112
641
101
295
0
574
53
88
12
53
278
283
0
346
126
72
0
396
56
67
116
75
347
388
53
106
348
0
0
128
497
18
112
28
53
633
349
574
160
96
142
28
0
18
318
62
108
640
53
112
278
137
341
312
85
302
108
53
251
350
637
37
137
0
53
0
0
1
12
284
28
78
6
0
55
137
422
291
64
0
710
373
325
0
12
56
192
132
361
28
28
0
39
67
85
338
53
351
267
126
3
259
352
593
28
28
35
106
575
407
110
179
290
0
507
562
314
353
96
429
106
96
131
586
18
53
18
108
15
449
106
0
112
609
37
205
609
53
67
67
53
647
12
0
131
96
55
112
354
0
393
347
82
96
75
71
18
106
53
0
67
613
108
12
313
28
175
96
112
620
154
355
356
94
327
96
378
192
40
418
96
144
474
18
530
28
28
0
472
18
0
18
126
238
330
96
530
180
313
0
357
0
126
126
106
358
179
28
474
28
126
378
359
27
114
419
232
0
703
108
360
397
133
53
106
67
18
0
18
0
75
0
12
53
620
555
116
38
335
522
205
571
28
361
112
112
257
430
116
430
48
188
174
362
667
53
0
0
126
363
147
225
12
364
78
175
18
18
96
410
397
214
132
18
365
465
18
693
53
18
37
0
94
44
257
67
186
37
330
620
0
112
126
129
106
700
693
0
508
28
315
423
0
18
256
223
126
562
592
28
131
192
91
415
106
337
28
366
485
132
2
337
28
375
0
331
666
687
249
0
18
106
153
367
106
96
447
434
604
132
0
94
700
126
28
328
96
0
304
59
0
74
11
53
311
0
18
132
53
161
104
142
0
131
131
201
216
34
368
39
0
179
36
504
53
106
603
18
112
74
179
592
48
335
67
373
369
370
228
371
372
0
470
0
53
21
56
574
28
106
373
393
18
281
0
86
485
116
138
221
53
652
683
126
147
110
613
0
126
53
131
53
91
112
620
53
12
641
96
374
18
26
375
18
0
0
0
18
6
88
0
629
373
0
12
138
249
259
18
372
75
96
0
179
28
78
53
281
64
10
18
18
677
347
296
53
326
510
123
112
101
12
376
0
662
377
28
18
94
574
106
114
0
68
378
330
21
67
23
585
7
12
18
28
252
364
320
147
35
716
379
53
28
380
142
73
75
18
108
28
116
241
51
96
128
604
112
116
96
18
126
18
25
0
18
67
106
18
53
381
0
17
161
28
94
106
126
0
128
96
18
186
67
106
271
142
214
637
67
131
382
286
28
574
0
28
252
126
491
383
17
18
670
18
579
486
384
116
161
0
27
18
356
1
96
112
67
101
105
385
0
96
96
638
386
27
387
142
388
18
205
303
126
37
327
112
112
28
91
12
389
0
0
112
472
67
18
12
67
18
390
327
0
14
637
448
662
503
53
431
0
28
112
53
18
28
266
209
53
106
222
112
18
367
95
611
391
153
60
132
53
106
268
259
138
59
106
0
34
106
325
106
4
18
0
18
198
18
217
230
151
238
106
478
125
431
38
205
112
6
112
234
556
0
131
112
183
613
326
419
106
223
132
88
142
364
96
551
257
687
114
404
94
313
504
53
632
305
376
179
0
182
281
55
53
83
64
335
196
18
28
0
108
256
108
48
0
273
0
12
99
53
251
174
0
126
67
18
0
72
693
53
53
28
192
5
95
184
453
504
72
278
96
106
392
126
0
53
116
372
18
18
465
393
690
116
637
1
18
135
327
72
434
394
609
0
67
609
183
23
335
395
477
0
217
685
396
397
0
0
0
96
28
179
264
38
28
147
18
106
12
214
38
477
0
127
96
397
131
126
137
0
18
67
18
224
398
116
330
0
180
399
554
53
0
585
129
116
28
257
0
112
112
483
637
43
498
18
437
96
0
106
28
18
53
400
91
230
110
320
67
18
82
17
12
20
12
53
96
183
401
361
74
132
53
28
486
1
96
53
0
441
568
0
106
59
304
347
402
0
179
36
18
330
18
6
331
28
55
706
106
53
373
94
230
303
499
280
95
67
27
0
137
132
192
28
313
405
168
0
126
106
23
403
284
18
23
404
126
67
555
18
28
374
405
89
0
373
0
482
43
12
20
214
205
205
325
490
406
28
313
407
179
108
106
466
96
502
423
593
28
192
12
490
408
126
409
225
75
23
434
18
0
147
410
669
34
479
179
12
18
153
0
0
689
147
364
72
96
667
126
411
96
112
108
192
545
291
38
67
37
412
214
96
246
434
662
224
0
63
525
147
293
413
18
236
252
28
18
95
0
126
94
368
205
108
114
257
88
373
414
116
48
198
6
415
296
416
18
112
28
122
112
303
67
131
131
348
142
68
75
75
18
18
240
434
132
79
126
112
417
491
418
419
153
122
94
198
420
163
116
179
28
689
257
132
609
230
0
298
0
18
67
18
266
106
18
96
112
0
381
142
106
327
53
53
106
703
18
18
0
142
39
330
0
204
611
18
0
12
0
112
62
132
179
48
0
75
18
0
18
0
18
53
36
632
28
462
421
62
18
126
397
96
28
633
28
663
0
126
147
18
0
37
495
53
126
199
67
18
101
313
18
75
303
126
116
669
446
435
132
39
96
0
75
244
53
422
53
423
360
531
94
28
179
424
96
126
435
192
106
61
574
179
425
199
85
18
96
532
18
18
328
426
83
106
28
53
587
126
53
108
609
504
53
427
106
67
18
112
619
28
75
662
71
112
18
0
67
415
551
25
428
188
126
369
18
115
0
67
72
106
75
429
18
101
140
327
0
18
28
112
18
28
106
701
18
67
244
261
609
430
101
261
592
0
112
39
557
28
122
116
116
116
373
431
123
12
112
179
250
53
205
28
96
114
112
131
28
43
126
18
74
621
36
374
673
67
555
432
550
0
654
535
18
106
106
5
408
364
0
96
0
116
225
552
291
422
304
511
240
666
433
256
106
96
0
364
375
53
75
132
497
28
256
550
164
214
28
20
31
74
91
173
18
74
0
53
208
72
18
175
0
183
112
53
126
190
23
0
96
67
368
325
495
291
18
112
20
137
325
0
434
95
28
0
112
18
328
6
81
0
325
189
22
161
435
241
370
250
123
494
106
18
458
448
74
180
189
281
12
582
184
0
417
106
42
53
126
0
0
36
629
112
90
521
71
74
275
53
161
290
271
532
126
281
513
0
325
0
37
96
436
12
491
7
67
28
0
67
74
376
0
482
105
28
388
91
38
67
35
437
55
358
28
28
112
112
438
321
96
96
67
364
142
112
91
356
61
609
525
79
99
53
303
0
96
168
439
429
667
96
18
18
662
94
28
233
85
620
126
370
142
112
240
91
315
161
18
121
12
434
112
364
23
0
18
661
609
53
209
18
0
73
112
53
361
82
228
115
18
12
112
131
223
53
291
18
179
440
554
75
132
28
53
75
559
53
337
461
18
94
441
53
432
571
124
465
90
0
75
442
18
0
249
18
112
691
325
0
18
3
114
0
75
28
666
443
588
128
0
444
150
22
7
106
0
445
504
545
663
611
6
629
446
126
18
83
303
112
126
18
0
106
0
28
551
214
0
0
647
126
53
126
0
64
447
0
37
71
238
27
28
12
18
0
0
18
147
108
48
0
126
0
112
112
179
320
18
448
441
37
510
53
490
607
214
663
273
637
96
497
67
249
112
0
346
0
126
185
647
12
654
18
556
116
0
112
374
132
449
592
18
116
112
545
477
32
96
18
28
36
243
114
450
126
451
105
91
0
0
53
28
116
0
85
257
217
106
116
204
0
452
511
532
28
185
511
270
18
192
453
195
217
182
0
0
327
137
0
0
53
454
31
96
434
455
96
405
716
292
373
586
112
96
456
0
18
0
457
0
96
96
112
422
18
106
166
287
43
305
116
660
106
18
28
131
126
51
257
140
106
18
188
75
126
123
137
53
131
179
0
38
591
116
0
249
458
179
696
647
142
18
126
88
18
639
12
106
179
132
106
28
586
249
12
335
12
257
545
0
142
326
525
18
108
180
112
221
367
223
460
18
0
142
101
326
106
43
459
126
132
0
28
53
140
126
460
53
441
48
67
0
137
4
128
619
330
147
67
0
378
161
223
545
356
461
313
609
147
18
462
0
28
28
112
463
95
106
176
116
415
116
132
508
662
0
140
6
94
464
28
106
137
112
18
53
0
96
87
101
75
325
228
75
710
219
61
96
116
224
124
28
73
131
326
126
313
21
296
262
53
415
75
574
53
75
125
465
609
304
230
34
466
0
467
106
121
18
338
637
106
335
12
126
330
18
0
75
126
112
112
472
0
96
12
687
18
32
179
335
238
116
75
132
285
335
0
27
504
192
106
106
94
361
35
691
53
37
138
266
701
468
88
96
488
562
116
67
96
228
124
112
611
53
0
18
469
52
8
217
0
327
0
96
112
96
53
22
470
0
179
131
0
335
703
303
553
471
611
53
53
325
385
53
270
18
506
683
0
434
477
0
373
472
56
473
192
28
474
179
112
504
0
201
313
99
79
368
302
405
335
18
115
12
18
475
106
372
173
1
183
476
361
28
620
94
408
611
0
373
485
397
67
28
424
696
404
351
477
106
152
444
115
90
28
18
386
112
18
341
689
18
18
95
53
32
140
297
536
0
18
18
17
0
477
90
222
432
341
315
96
75
91
101
419
94
284
529
116
364
108
74
192
161
112
53
142
257
633
48
96
18
53
648
131
5
662
532
93
328
0
589
18
79
620
458
0
53
0
478
36
96
106
56
479
291
74
256
18
386
48
126
96
709
180
480
375
28
106
128
313
75
481
18
482
147
551
48
222
303
208
373
255
183
225
0
112
472
75
142
60
18
112
603
116
302
18
18
133
53
126
53
18
192
75
18
408
138
289
18
261
18
232
0
96
129
53
368
75
106
75
106
53
553
96
4
105
0
410
609
180
126
112
96
199
102
419
182
112
320
400
18
67
0
275
337
126
28
186
18
397
18
28
662
106
0
112
566
483
223
138
75
397
324
419
142
370
108
411
96
288
94
126
341
626
484
0
18
18
64
382
485
327
140
18
42
288
573
18
18
128
373
247
72
78
75
586
431
386
620
625
179
542
640
330
468
710
53
703
96
0
96
96
126
266
28
75
388
485
28
18
53
96
106
28
179
85
106
27
28
486
212
28
0
487
662
112
7
0
415
53
435
112
103
67
112
378
689
0
53
106
53
183
0
96
0
18
488
126
112
4
397
183
59
649
638
364
326
264
186
142
633
574
320
0
96
489
306
137
176
296
490
649
106
28
347
453
0
0
238
112
393
0
147
142
4
147
183
28
214
18
408
205
18
75
99
96
372
337
125
112
592
18
102
373
0
18
383
586
490
96
96
229
0
106
39
153
106
325
550
26
488
112
337
667
275
591
491
11
79
332
0
85
330
126
53
38
48
492
126
23
493
95
126
313
126
123
126
112
257
96
142
75
106
18
494
258
20
96
106
434
0
477
0
67
28
18
18
619
0
142
25
671
18
106
106
178
17
339
119
495
419
88
126
39
64
18
96
172
126
273
199
410
196
82
132
285
106
192
192
18
83
592
190
106
637
112
0
496
346
18
18
112
110
18
18
23
126
23
96
284
0
0
106
586
0
67
18
75
53
18
497
0
0
18
0
637
621
524
18
94
53
106
101
18
53
53
112
83
96
134
180
257
410
356
574
368
431
28
37
498
499
161
28
725
96
161
0
500
131
112
494
108
405
501
38
53
502
132
116
126
503
106
289
96
75
12
126
259
126
192
618
112
18
18
66
179
132
68
722
434
607
112
0
55
96
55
186
275
112
273
96
18
504
257
450
450
116
72
488
106
28
28
592
112
505
0
1
506
373
25
28
488
214
28
164
55
18
507
0
18
3
28
256
177
138
126
67
289
0
28
18
364
281
62
445
28
18
39
508
53
106
96
126
121
53
25
18
0
18
25
0
190
327
27
667
132
0
509
0
496
53
108
356
298
194
67
279
0
137
108
510
112
313
53
417
0
592
400
18
589
48
511
0
179
512
60
28
106
0
0
611
278
115
562
37
513
386
147
582
514
28
72
18
79
179
179
85
515
140
116
386
0
106
96
446
485
12
18
106
222
246
106
27
638
516
517
126
53
324
161
364
53
116
106
96
458
95
126
147
53
18
592
71
27
257
0
518
473
0
221
28
47
525
126
18
0
96
373
90
370
112
131
0
225
33
35
435
18
179
519
586
329
115
217
43
106
75
0
64
270
18
536
520
542
28
326
0
206
223
671
102
397
43
456
94
403
67
112
573
192
96
330
132
629
347
166
521
53
256
88
431
67
302
38
126
522
18
23
83
440
678
523
128
75
377
630
0
18
59
193
18
611
524
196
0
256
534
67
96
104
525
266
12
310
554
196
132
101
526
0
241
281
53
236
527
528
0
574
18
340
116
419
179
18
18
405
179
96
53
106
18
0
112
693
0
106
330
28
96
179
529
688
179
0
75
53
214
12
161
18
112
0
53
56
106
95
116
0
170
112
543
0
4
259
183
530
96
37
123
112
91
0
531
106
129
23
504
106
295
532
18
533
534
28
61
53
218
161
400
106
465
186
18
551
0
582
18
28
142
67
585
318
696
535
0
126
195
12
424
131
126
67
0
67
663
0
28
126
536
132
291
116
433
64
53
0
373
320
28
112
267
537
116
53
56
126
114
142
62
28
497
0
96
0
28
18
18
303
17
18
83
305
538
251
0
625
327
416
311
0
539
666
611
112
0
351
284
540
603
108
129
96
67
112
116
0
28
0
53
541
550
0
542
0
94
571
0
72
434
28
132
318
430
663
18
108
663
0
129
18
53
53
183
39
75
96
106
53
279
140
95
28
0
689
375
53
0
495
67
543
53
386
566
555
0
0
346
320
28
17
18
53
18
544
25
279
179
0
112
142
545
0
0
0
338
112
546
112
547
27
675
0
75
106
53
548
96
96
671
126
28
415
106
67
472
18
0
549
550
550
96
28
562
361
75
28
105
48
592
132
551
137
75
126
75
28
330
126
112
313
53
199
552
18
53
64
214
106
525
553
53
417
85
18
106
0
28
75
18
214
142
18
53
106
205
554
361
18
18
257
18
112
281
18
0
106
693
56
0
555
0
364
0
18
556
428
598
113
18
67
557
257
27
244
0
28
558
67
559
67
0
709
183
102
28
560
114
235
304
613
53
303
0
112
126
383
561
405
12
341
132
126
0
112
347
128
17
326
373
644
18
27
565
17
112
400
88
621
0
545
710
562
53
563
106
62
67
712
434
0
0
378
203
408
112
564
327
0
0
298
112
53
0
0
96
96
48
106
320
18
129
55
0
88
565
530
637
566
461
115
574
106
567
693
132
213
53
532
53
147
115
0
500
142
330
303
279
330
335
23
356
116
116
0
28
53
568
373
75
53
38
0
620
698
613
39
479
0
0
106
179
44
0
96
0
23
74
78
96
179
106
53
17
126
28
48
53
675
53
131
320
96
54
0
179
131
510
126
192
28
351
0
0
106
3
0
0
719
0
569
362
375
18
132
570
96
140
344
0
477
28
609
23
545
28
12
126
67
26
53
155
131
571
105
126
116
55
291
96
75
202
28
613
256
18
572
443
0
42
96
48
573
126
613
74
18
662
202
225
131
0
313
632
125
53
574
124
112
374
131
68
415
361
96
52
18
18
662
183
112
0
0
0
0
0
203
96
28
53
183
96
185
53
131
126
0
53
690
481
214
288
534
78
18
575
0
116
301
28
301
13
0
54
470
126
96
641
28
0
576
67
52
131
675
327
48
96
17
138
335
96
18
18
18
129
112
0
202
18
18
0
23
0
637
258
364
83
138
35
236
577
18
116
20
18
0
238
497
106
28
28
112
356
18
0
112
192
96
96
53
112
578
266
101
112
123
335
28
415
214
112
613
397
38
320
205
96
18
53
27
116
17
18
513
72
53
122
96
67
446
0
435
67
75
106
472
101
434
335
28
579
578
96
129
53
435
361
53
580
106
278
581
221
677
22
496
18
61
495
48
0
53
183
330
545
137
656
0
620
574
15
18
0
61
126
112
53
153
611
96
28
18
108
112
0
17
393
112
53
6
67
582
240
441
214
112
131
491
53
82
116
82
178
675
574
461
96
82
112
716
716
583
18
126
17
114
663
28
112
12
106
53
584
18
53
121
126
21
96
18
504
259
106
112
477
53
75
75
394
504
238
106
462
392
17
112
417
18
82
485
131
268
18
162
137
12
0
28
585
656
18
18
116
392
53
55
116
196
67
28
6
67
632
532
17
161
106
126
337
589
18
344
283
18
690
510
0
23
447
27
18
94
95
53
230
96
116
18
254
586
17
31
23
39
0
66
325
132
0
190
348
12
0
147
126
96
131
574
179
0
377
101
94
53
116
12
587
416
325
0
330
0
18
441
458
283
588
349
8
96
72
458
290
126
550
182
12
216
96
108
300
179
485
0
564
116
589
590
666
0
668
12
18
461
131
192
96
131
96
0
555
22
53
131
281
27
53
0
591
126
137
0
592
593
96
28
17
0
589
335
179
594
209
179
278
690
0
18
78
640
129
76
18
270
218
96
18
94
189
303
507
75
67
257
381
91
0
112
604
283
75
609
172
35
132
27
577
126
397
586
182
96
637
251
595
596
365
0
0
522
57
96
126
295
28
18
53
0
422
82
53
106
597
96
39
511
106
96
665
400
96
0
28
96
0
28
598
0
94
0
0
4
490
142
83
378
205
112
27
671
133
126
72
18
599
55
600
179
462
601
0
351
120
96
257
18
126
42
129
112
131
404
18
94
602
18
603
179
18
18
28
126
96
291
126
434
182
364
604
504
0
605
106
0
18
192
327
128
45
422
23
570
53
267
257
28
18
0
85
355
504
128
0
53
126
12
90
0
95
606
179
0
88
96
235
365
165
579
17
17
0
112
246
44
383
27
116
607
60
608
0
609
94
108
12
131
27
289
383
347
490
443
123
610
270
75
67
444
513
112
0
96
126
327
324
491
67
96
611
663
108
325
18
126
179
95
562
75
25
18
72
603
325
364
18
132
53
592
147
0
161
609
0
116
37
0
711
28
53
0
18
0
567
72
4
612
361
116
28
112
637
142
485
77
204
415
179
23
592
108
126
126
53
53
112
18
0
0
121
389
693
132
411
116
75
0
432
553
96
12
325
37
0
116
611
18
0
53
613
688
320
75
18
313
472
675
275
373
214
28
364
562
48
103
6
0
614
0
465
0
0
0
0
106
179
235
140
37
106
615
28
6
0
96
131
17
522
335
67
132
72
112
6
616
126
112
0
161
106
75
137
0
75
96
115
617
28
96
38
618
53
48
0
96
335
0
85
27
0
0
112
106
619
339
0
28
607
132
12
67
126
53
304
598
48
551
18
6
70
48
0
344
0
67
0
110
208
566
75
106
53
0
112
0
6
67
620
18
376
106
48
126
240
662
621
12
28
0
326
28
230
106
99
120
622
182
53
532
320
184
112
374
48
112
106
96
179
623
0
53
370
53
369
56
356
374
62
35
432
0
611
465
126
36
222
126
53
96
624
105
495
388
240
27
24
114
0
106
0
112
257
126
481
142
28
18
490
126
28
53
0
6
112
85
0
335
201
131
0
374
112
179
216
0
625
126
39
719
423
18
586
43
132
609
626
106
497
613
18
75
265
240
145
184
48
75
161
0
662
0
477
0
565
182
0
28
79
499
0
660
434
357
126
205
0
106
0
48
116
96
411
27
364
0
28
90
17
335
28
53
126
131
106
18
459
28
126
500
53
0
104
23
53
42
396
106
490
96
28
641
120
112
96
190
112
627
490
28
32
17
75
3
330
72
63
124
562
147
0
18
628
620
53
117
325
400
537
466
132
18
38
17
28
12
707
335
132
95
318
221
574
13
126
637
325
716
240
13
18
675
96
18
68
112
18
364
28
112
140
621
96
373
67
543
96
52
487
266
53
4
123
112
245
108
267
96
47
629
183
630
99
28
28
67
106
631
270
53
1
4
249
266
641
346
574
28
18
126
18
218
96
94
126
96
131
106
453
126
27
550
53
330
18
244
18
106
18
126
96
725
53
671
17
18
315
75
96
106
67
28
180
250
75
76
0
126
53
632
0
131
28
96
160
405
147
18
126
74
18
562
550
112
130
108
0
619
356
140
23
196
305
27
0
38
28
96
75
0
126
18
0
101
120
684
137
96
346
435
0
102
386
0
153
85
53
633
0
637
28
710
0
53
94
141
631
28
335
96
53
112
0
12
256
64
313
18
28
716
106
356
67
222
613
0
12
28
278
485
184
142
126
404
634
126
4
510
126
126
348
128
0
0
0
18
635
0
636
18
53
126
116
270
106
21
637
53
638
320
671
356
639
106
628
131
303
72
0
0
61
230
4
126
12
261
75
32
67
640
709
106
422
337
88
0
275
81
28
61
147
0
309
18
373
53
106
18
237
473
142
128
270
142
0
39
374
374
562
132
641
85
112
0
105
112
94
328
642
505
126
251
611
0
324
96
643
0
18
121
330
341
161
123
662
335
18
723
78
644
53
662
645
425
106
12
74
132
646
106
647
0
12
0
341
95
430
112
0
73
53
106
53
106
0
327
270
132
67
106
126
18
240
647
330
60
62
190
28
67
96
6
335
0
335
0
451
0
96
0
0
67
142
356
96
42
56
106
95
23
0
101
37
666
96
39
267
408
313
510
28
613
21
335
120
25
122
18
131
0
18
221
281
137
83
192
67
37
126
312
132
18
648
291
21
20
649
117
116
131
372
18
0
620
18
650
21
675
18
214
42
125
0
414
28
28
583
675
190
114
651
96
609
96
209
112
28
106
0
20
0
0
112
652
2
67
368
422
18
364
653
696
4
176
160
154
273
96
53
654
67
161
114
94
132
0
43
637
106
96
18
131
112
18
0
44
382
53
142
4
75
18
655
28
153
376
126
11
205
88
55
72
72
711
429
112
562
101
586
133
82
265
112
18
28
53
213
0
656
637
0
210
112
310
339
112
142
82
0
657
53
296
465
132
192
0
94
637
192
114
485
337
116
325
96
550
355
335
53
0
337
25
27
96
53
561
75
6
658
364
439
3
364
377
0
18
78
659
482
105
180
690
75
53
324
11
105
660
28
53
48
397
112
267
114
443
661
373
72
132
194
96
53
18
12
106
662
18
53
222
18
487
498
131
0
514
435
96
291
18
12
101
281
131
440
126
663
18
208
112
132
664
273
511
126
126
112
238
132
48
114
0
53
504
96
48
53
444
85
184
28
28
278
586
1
126
182
270
53
662
0
325
0
352
0
75
278
149
116
88
35
53
326
53
17
28
112
126
116
303
126
67
514
82
53
112
94
257
53
209
638
42
18
373
313
28
0
609
0
224
53
168
342
66
96
106
355
335
570
217
222
121
28
473
112
94
716
11
116
94
96
419
0
112
0
665
53
60
666
419
17
326
303
402
213
53
18
96
0
252
18
156
222
667
27
18
687
275
341
479
0
270
116
523
361
182
415
0
53
53
12
140
668
82
59
209
53
67
0
28
222
218
669
105
43
53
315
562
18
356
53
183
296
0
58
28
106
28
22
0
0
53
123
706
335
174
408
53
334
126
670
477
28
150
400
257
179
677
689
18
483
0
126
27
67
355
671
553
28
327
672
96
673
0
18
75
674
18
53
116
53
17
0
249
0
106
675
18
18
460
568
112
676
67
12
135
0
0
18
112
0
96
249
28
213
53
677
67
495
214
38
313
693
18
53
252
12
222
126
195
35
106
376
115
0
132
18
623
106
78
281
669
53
108
18
18
678
91
18
298
96
112
0
116
61
126
48
23
574
81
18
1
183
106
217
126
28
74
335
222
18
641
377
75
716
74
249
0
679
364
344
53
112
106
587
126
335
12
126
116
373
441
112
419
161
142
132
17
53
53
680
23
36
255
53
428
53
85
142
182
241
18
243
106
296
28
75
53
126
304
681
18
682
82
126
335
116
126
520
574
35
335
142
330
0
96
192
126
0
417
238
183
683
48
303
217
53
18
106
112
48
131
128
0
34
126
244
72
44
132
72
551
725
75
74
313
422
38
12
0
28
126
96
243
257
96
347
638
64
0
550
330
94
116
18
28
18
347
593
697
74
18
467
72
208
53
121
335
255
18
458
135
39
18
67
61
36
132
498
668
129
244
434
126
74
225
684
76
67
592
662
96
28
685
53
116
0
28
18
530
435
179
64
662
53
18
126
696
75
0
349
106
686
0
179
687
18
59
456
18
688
85
551
179
364
96
12
0
18
112
689
662
334
0
67
348
106
67
112
126
67
662
161
138
181
147
297
237
690
532
67
96
75
691
126
75
549
0
53
0
692
279
18
39
693
53
18
252
53
17
18
18
140
196
72
696
59
96
27
53
694
0
108
82
416
28
244
132
126
0
17
112
183
88
255
43
695
0
304
519
96
663
222
663
53
0
257
0
372
266
621
534
514
557
270
382
613
696
690
28
211
266
112
106
179
108
53
131
112
18
2
264
75
18
342
13
28
370
156
179
37
229
251
53
574
303
356
126
39
67
36
0
685
96
96
112
28
67
28
218
433
112
75
74
39
106
85
0
214
108
18
696
444
179
259
2
129
18
116
27
115
697
133
112
12
18
56
131
698
126
6
126
472
699
179
51
12
18
66
337
27
92
96
75
126
320
503
666
700
124
61
112
372
313
106
106
12
281
28
106
0
96
188
132
701
598
368
0
155
494
609
18
135
53
53
10
123
170
131
12
431
582
7
504
12
0
335
26
284
96
465
140
335
18
8
637
373
702
53
18
112
222
126
112
229
0
53
648
326
0
435
38
578
72
21
53
91
18
647
23
102
18
110
609
625
703
67
42
586
82
342
79
190
96
419
116
222
45
126
126
0
179
96
190
704
18
37
18
88
101
53
28
330
28
114
705
637
472
96
416
112
0
404
48
542
364
67
12
112
252
53
72
60
0
108
116
0
0
209
131
364
53
145
365
272
96
465
0
331
0
59
303
53
96
256
706
122
132
28
707
96
150
12
28
142
112
108
112
106
112
490
330
371
1
296
18
708
106
701
37
18
18
6
112
106
17
613
17
0
37
218
451
112
161
18
96
150
48
259
106
53
131
0
53
28
112
693
53
106
67
683
96
135
347
39
108
96
291
6
709
6
37
264
453
126
112
126
372
85
0
18
82
419
147
364
203
112
147
18
142
710
313
48
709
12
327
329
101
28
18
83
0
53
0
108
711
12
23
361
717
53
335
131
0
116
0
578
712
101
53
67
131
586
28
96
72
112
106
28
53
126
78
126
147
373
102
690
325
713
67
183
96
28
375
209
714
0
101
91
138
112
330
465
96
327
160
315
18
313
327
83
18
361
56
210
578
112
126
18
0
47
72
132
632
18
0
575
53
592
434
67
96
192
75
0
96
715
203
296
504
13
347
273
42
716
132
657
28
53
79
27
0
94
717
718
172
257
179
96
67
28
205
55
12
296
112
604
162
0
53
126
28
209
126
7
142
132
142
719
223
10
28
209
13
126
1
142
0
43
18
355
496
716
75
639
72
28
126
28
361
12
96
18
603
101
96
18
12
120
28
0
126
237
0
532
441
0
337
28
0
127
221
132
720
96
325
18
180
569
0
18
0
18
710
18
53
6
337
179
106
709
131
147
112
721
101
609
38
722
106
176
88
96
446
106
0
75
106
142
249
129
96
56
20
613
53
0
477
327
94
0
320
0
443
112
296
106
723
94
129
55
132
123
0
673
724
270
27
344
377
53
131
0
132
577
0
373
0
53
382
415
270
18
666
132
725
551
0
722
112
